90
0.08000
0.08473
0.08973
0.09503
0.10065
0.10660
0.11289
0.11956
0.12663
0.13411
0.14203
0.15042
0.15931
0.16872
0.17869
0.18925
0.20043
0.21227
0.22482
0.23810
0.25217
0.26706
0.28284
0.29955
0.31725
0.33600
0.35585
0.37687
0.39914
0.42272
0.44770
0.47415
0.50216
0.53183
0.56325
0.59653
0.63177
0.66910
0.70863
0.75050
0.79484
0.84180
0.89154
0.94421
1.00000
1.16591
1.35936
1.58489
1.84785
2.15443
2.51189
2.92864
3.41455
3.98107
4.64159
5.41170
6.30957
7.35642
8.57696
10.00000
11.65914
13.59356
15.84893
18.47850
21.54435
25.11886
29.28645
34.14549
39.81072
46.41589
54.11695
63.09573
73.56423
85.76959
100.00000
116.59144
135.93564
158.48932
184.78498
215.44347
251.18864
292.86446
341.45489
398.10717
464.15888
541.16953
630.95734
735.64225
857.69590
1000.00000
